

#################################################################################################################
                                     Instance Name           Movement (microns)        Orig Loc        New Loc
#################################################################################################################
                               acc/add_17_54/g1155                4.35       (29.58, 38.86)       (27.84, 41.47)
                     acc/add_17_54/FE_OCPC20_n_311                4.06       (27.55, 59.74)       (26.1, 62.35)
                               vedic_mult/vm2/g884                3.77       (78.3, 31.03)       (79.46, 28.42)
   vedic_mult/csa_tree_add_85_52_groupi/FE_RC_16_0                3.48       (42.92, 41.47)       (43.79, 44.08)
  vedic_mult/csa_tree_add_85_52_groupi/FE_RC_414_0                3.48       (42.63, 44.08)       (43.5, 46.69)
  vedic_mult/csa_tree_add_85_52_groupi/FE_RC_424_0                3.48       (41.76, 41.47)       (42.63, 44.08)
  vedic_mult/csa_tree_add_85_52_groupi/FE_RC_446_0                3.48       (43.5, 46.69)       (44.37, 49.3)
                     acc/add_17_54/FE_OCPC34_n_177                3.48       (23.2, 41.47)       (22.33, 44.08)
                               acc/add_17_54/g1035                3.48       (47.27, 59.74)       (48.14, 62.35)
                      acc/add_17_54/FE_OCPC37_n_71                3.19       (60.61, 59.74)       (61.19, 62.35)
                               acc/add_17_54/g1127                3.19       (22.33, 44.08)       (22.91, 46.69)
                               vedic_mult/vm3/g854                3.19       (59.16, 38.86)       (59.74, 41.47)
                               vedic_mult/vm2/g889                 2.9       (79.17, 33.64)       (79.46, 31.03)
                               vedic_mult/vm2/g878                 2.9       (77.43, 33.64)       (77.72, 31.03)
                               vedic_mult/vm4/g863                 2.9       (79.17, 51.91)       (79.46, 54.52)
                               acc/add_17_54/g1119                 2.9       (35.96, 57.13)       (35.67, 54.52)
                               acc/add_17_54/g1111                 2.9       (41.76, 59.74)       (44.66, 59.74)
                               acc/add_17_54/g1110                 2.9       (46.4, 59.74)       (49.3, 59.74)
                               acc/add_17_54/g1099                 2.9       (35.38, 59.74)       (35.67, 57.13)
                               acc/add_17_54/g1184                 2.9       (34.51, 59.74)       (34.22, 62.35)
                               acc/add_17_54/g1179                 2.9       (39.44, 59.74)       (42.34, 59.74)
                               acc/add_17_54/g1202                 2.9       (38.28, 59.74)       (41.18, 59.74)
                               acc/add_17_54/g1189                 2.9       (40.6, 59.74)       (43.5, 59.74)
                               acc/add_17_54/g1232                 2.9       (37.12, 59.74)       (37.41, 57.13)
  vedic_mult/csa_tree_add_85_52_groupi/FE_RC_502_0                2.61       (40.89, 38.86)       (40.89, 41.47)
                               vedic_mult/vm4/g878                2.61       (78.88, 46.69)       (78.88, 49.3)
                                 vedic_mult/vm4/g2                2.61       (78.3, 44.08)       (78.3, 46.69)
                               vedic_mult/vm4/g881                2.61       (79.17, 49.3)       (79.17, 51.91)
                               vedic_mult/vm4/g862                2.61       (79.46, 54.52)       (79.46, 57.13)
                               vedic_mult/vm4/g861                2.61       (78.88, 59.74)       (78.88, 62.35)
                               vedic_mult/vm4/g850                2.61       (78.88, 57.13)       (78.88, 59.74)
                               vedic_mult/vm4/g849                2.61       (78.59, 62.35)       (78.59, 64.96)
vedic_mult/csa_tree_add_85_52_groupi/FE_OCPC28_FE_RN_290_0                2.61       (45.82, 49.3)       (45.82, 46.69)
                               acc/add_17_54/g1248                2.03       (21.75, 46.69)       (19.72, 46.69)
                               acc/add_17_54/g1209                2.03       (20.59, 46.69)       (18.56, 46.69)
