

#################################################################################################################
                                     Instance Name           Movement (microns)        Orig Loc        New Loc
#################################################################################################################
                         vedic_mult/vm2/FE_RC_54_0                4.35       (53.94, 46.69)       (55.68, 44.08)
         vedic_mult/csa_tree_add_83_52_groupi/g714                4.06       (31.03, 44.08)       (32.48, 46.69)
  vedic_mult/csa_tree_add_83_52_groupi/FE_RC_180_0                4.06       (40.89, 49.3)       (42.34, 51.91)
                               acc/add_17_54/g1216                4.06       (19.43, 44.08)       (20.88, 41.47)
  vedic_mult/csa_tree_add_83_52_groupi/FE_RC_293_0                3.77       (33.35, 46.69)       (34.51, 49.3)
                               acc/add_17_54/g1189                3.48       (11.89, 44.08)       (11.02, 41.47)
                        vedic_mult/vm3/FE_RC_392_0                3.19       (60.03, 41.47)       (63.22, 41.47)
                        vedic_mult/vm3/FE_RC_393_0                3.19       (59.45, 44.08)       (60.03, 41.47)
                        vedic_mult/vm3/FE_RC_402_0                3.19       (63.8, 41.47)       (66.99, 41.47)
                        vedic_mult/vm3/FE_RC_396_0                 2.9       (55.39, 44.08)       (58.29, 44.08)
                         vedic_mult/vm2/FE_RC_53_0                 2.9       (51.62, 46.69)       (54.52, 46.69)
                        vedic_mult/vm2/FE_RC_224_0                 2.9       (46.11, 46.69)       (49.01, 46.69)
         vedic_mult/csa_tree_add_83_52_groupi/g730                 2.9       (35.38, 49.3)       (38.28, 49.3)
                         vedic_mult/vm2/FE_RC_52_0                 2.9       (49.3, 46.69)       (52.2, 46.69)
                               acc/add_17_54/g1225                 2.9       (16.53, 44.08)       (19.43, 44.08)
                               acc/add_17_54/g1217                 2.9       (17.69, 44.08)       (20.59, 44.08)
                               acc/add_17_54/g1134                 2.9       (13.05, 44.08)       (12.76, 46.69)
                               acc/add_17_54/g1122                 2.9       (14.79, 44.08)       (17.69, 44.08)
               acc/add_17_54/FE_OCPC33_FE_RN_119_0                 2.9       (37.12, 46.69)       (40.02, 46.69)
                                        clk__L2_I0                 2.9       (28.13, 44.08)       (31.03, 44.08)
  vedic_mult/csa_tree_add_83_52_groupi/FE_RC_249_0                 2.9       (40.02, 49.3)       (42.92, 49.3)
                                 vedic_mult/c1/g62                 2.9       (41.47, 46.69)       (44.37, 46.69)
  vedic_mult/csa_tree_add_83_52_groupi/FE_RC_248_0                 2.9       (38.86, 46.69)       (41.76, 46.69)
  vedic_mult/csa_tree_add_83_52_groupi/FE_RC_165_0                2.32       (42.34, 51.91)       (44.66, 51.91)
  vedic_mult/csa_tree_add_83_52_groupi/FE_RC_366_0                2.32       (43.21, 51.91)       (45.53, 51.91)
                              vedic_mult/vm2/g1034                2.32       (44.08, 51.91)       (46.4, 51.91)
                              vedic_mult/vm2/g1036                2.32       (49.88, 51.91)       (52.2, 51.91)
                              vedic_mult/vm2/g1035                2.32       (51.62, 51.91)       (53.94, 51.91)
                        vedic_mult/vm3/FE_RC_394_0                2.32       (66.12, 41.47)       (68.44, 41.47)
                              vedic_mult/vm2/g1044                2.32       (47.27, 51.91)       (49.59, 51.91)
                              vedic_mult/vm3/g1088                2.32       (68.44, 41.47)       (70.76, 41.47)
